(kicad_pcb (version 20171130) (host pcbnew "(5.1.6-0-10_14)")

  (general
    (thickness 1.6)
    (drawings 0)
    (tracks 0)
    (zones 0)
    (modules 58)
    (nets 120)
  )

  (page A4)
  (title_block
    (title "Pissbot Controller")
    (date 2020-11-17)
    (rev 1.0)
  )

  (layers
    (0 F.Cu signal)
    (1 In1.Cu power)
    (2 In2.Cu power)
    (31 B.Cu signal)
    (32 B.Adhes user)
    (33 F.Adhes user)
    (34 B.Paste user)
    (35 F.Paste user)
    (36 B.SilkS user)
    (37 F.SilkS user)
    (38 B.Mask user)
    (39 F.Mask user)
    (40 Dwgs.User user hide)
    (41 Cmts.User user)
    (42 Eco1.User user)
    (43 Eco2.User user)
    (44 Edge.Cuts user)
    (45 Margin user)
    (46 B.CrtYd user)
    (47 F.CrtYd user)
    (48 B.Fab user)
    (49 F.Fab user hide)
  )

  (setup
    (last_trace_width 0.25)
    (trace_clearance 0.2)
    (zone_clearance 0.508)
    (zone_45_only no)
    (trace_min 0.2)
    (via_size 0.8)
    (via_drill 0.4)
    (via_min_size 0.4)
    (via_min_drill 0.3)
    (uvia_size 0.3)
    (uvia_drill 0.1)
    (uvias_allowed no)
    (uvia_min_size 0.2)
    (uvia_min_drill 0.1)
    (edge_width 0.05)
    (segment_width 0.2)
    (pcb_text_width 0.3)
    (pcb_text_size 1.5 1.5)
    (mod_edge_width 0.12)
    (mod_text_size 0.8 0.8)
    (mod_text_width 0.15)
    (pad_size 1.524 1.524)
    (pad_drill 0.762)
    (pad_to_mask_clearance 0.05)
    (aux_axis_origin 0 0)
    (visible_elements FFFFFF7F)
    (pcbplotparams
      (layerselection 0x010fc_ffffffff)
      (usegerberextensions false)
      (usegerberattributes true)
      (usegerberadvancedattributes true)
      (creategerberjobfile true)
      (excludeedgelayer true)
      (linewidth 0.100000)
      (plotframeref false)
      (viasonmask false)
      (mode 1)
      (useauxorigin false)
      (hpglpennumber 1)
      (hpglpenspeed 20)
      (hpglpendiameter 15.000000)
      (psnegative false)
      (psa4output false)
      (plotreference true)
      (plotvalue true)
      (plotinvisibletext false)
      (padsonsilk false)
      (subtractmaskfromsilk false)
      (outputformat 1)
      (mirror false)
      (drillshape 1)
      (scaleselection 1)
      (outputdirectory ""))
  )

  (net 0 "")
  (net 1 "Net-(C1-Pad1)")
  (net 2 GND)
  (net 3 +12V)
  (net 4 +5V)
  (net 5 +3V3)
  (net 6 /5V_IN)
  (net 7 3.3V)
  (net 8 EN)
  (net 9 "Net-(D1-Pad2)")
  (net 10 P1_LOAD)
  (net 11 12V)
  (net 12 P2_LOAD)
  (net 13 "Net-(D4-Pad2)")
  (net 14 "Net-(D5-Pad2)")
  (net 15 "Net-(D6-Pad2)")
  (net 16 PROD-PUMP)
  (net 17 REFLUX-PUMP)
  (net 18 /PI_VBUS)
  (net 19 /ESP_VBUS)
  (net 20 "Net-(R1-Pad1)")
  (net 21 "Net-(R3-Pad1)")
  (net 22 "Net-(R4-Pad1)")
  (net 23 "Net-(R5-Pad2)")
  (net 24 1WIRE)
  (net 25 "Net-(Q6-Pad2)")
  (net 26 /DTR)
  (net 27 /RTS)
  (net 28 "Net-(Q7-Pad2)")
  (net 29 /DCD)
  (net 30 /RI)
  (net 31 /USB_D-)
  (net 32 /USB_D+)
  (net 33 "Net-(U1-Pad10)")
  (net 34 "Net-(U1-Pad12)")
  (net 35 "Net-(U1-Pad13)")
  (net 36 "Net-(U1-Pad14)")
  (net 37 "Net-(U1-Pad15)")
  (net 38 "Net-(U1-Pad16)")
  (net 39 "Net-(U1-Pad17)")
  (net 40 "Net-(U1-Pad18)")
  (net 41 "Net-(U1-Pad19)")
  (net 42 "Net-(U1-Pad20)")
  (net 43 "Net-(U1-Pad21)")
  (net 44 "Net-(U1-Pad22)")
  (net 45 /CTS)
  (net 46 /RXD)
  (net 47 /TXD)
  (net 48 /DSR)
  (net 49 "Net-(A1-Pad1)")
  (net 50 /PRODUCT_FLOW)
  (net 51 /REFLUX_FLOW)
  (net 52 "Net-(A1-Pad6)")
  (net 53 /UART1_RX)
  (net 54 /ELEMENT2)
  (net 55 /LED)
  (net 56 /UART1_TX)
  (net 57 /FAN)
  (net 58 /ELEMENT1)
  (net 59 /JTAG-MTMS)
  (net 60 /JTAG-MTDI)
  (net 61 /JTAG-MTCK)
  (net 62 "Net-(A1-Pad17)")
  (net 63 "Net-(A1-Pad18)")
  (net 64 "Net-(A1-Pad19)")
  (net 65 "Net-(A1-Pad20)")
  (net 66 "Net-(A1-Pad21)")
  (net 67 "Net-(A1-Pad22)")
  (net 68 /JTAG-MTDO)
  (net 69 /IO2)
  (net 70 /IO0)
  (net 71 /IO4)
  (net 72 /IO5)
  (net 73 "Net-(A1-Pad30)")
  (net 74 "Net-(A1-Pad31)")
  (net 75 /PROD_PUMP)
  (net 76 /REFLUX_PUMP)
  (net 77 "Net-(A1-Pad39)")
  (net 78 "Net-(C8-Pad2)")
  (net 79 "Net-(C8-Pad1)")
  (net 80 "Net-(J1-PadS1)")
  (net 81 "Net-(J2-PadS1)")
  (net 82 "Net-(J3-PadS1)")
  (net 83 "Net-(J4-PadS1)")
  (net 84 "Net-(J5-PadS1)")
  (net 85 "Net-(J6-PadS1)")
  (net 86 "Net-(J7-PadS1)")
  (net 87 "Net-(J8-PadS1)")
  (net 88 "Net-(J9-Pad4)")
  (net 89 "Net-(U2-Pad4)")
  (net 90 /RXD0)
  (net 91 /TXD0)
  (net 92 "Net-(J10-Pad1)")
  (net 93 "Net-(J10-Pad3)")
  (net 94 "Net-(J10-Pad5)")
  (net 95 "Net-(J10-Pad7)")
  (net 96 "Net-(J10-Pad11)")
  (net 97 "Net-(J10-Pad12)")
  (net 98 "Net-(J10-Pad13)")
  (net 99 "Net-(J10-Pad15)")
  (net 100 "Net-(J10-Pad16)")
  (net 101 "Net-(J10-Pad17)")
  (net 102 "Net-(J10-Pad18)")
  (net 103 "Net-(J10-Pad19)")
  (net 104 "Net-(J10-Pad21)")
  (net 105 "Net-(J10-Pad22)")
  (net 106 "Net-(J10-Pad23)")
  (net 107 "Net-(J10-Pad24)")
  (net 108 "Net-(J10-Pad26)")
  (net 109 "Net-(J10-Pad27)")
  (net 110 "Net-(J10-Pad28)")
  (net 111 "Net-(J10-Pad29)")
  (net 112 "Net-(J10-Pad31)")
  (net 113 "Net-(J10-Pad32)")
  (net 114 "Net-(J10-Pad33)")
  (net 115 "Net-(J10-Pad35)")
  (net 116 "Net-(J10-Pad36)")
  (net 117 "Net-(J10-Pad37)")
  (net 118 "Net-(J10-Pad38)")
  (net 119 "Net-(J10-Pad40)")

  (net_class Default "This is the default net class."
    (clearance 0.2)
    (trace_width 0.25)
    (via_dia 0.8)
    (via_drill 0.4)
    (uvia_dia 0.3)
    (uvia_drill 0.1)
    (add_net +12V)
    (add_net +3V3)
    (add_net +5V)
    (add_net /5V_IN)
    (add_net /CTS)
    (add_net /DCD)
    (add_net /DSR)
    (add_net /DTR)
    (add_net /ELEMENT1)
    (add_net /ELEMENT2)
    (add_net /ESP_VBUS)
    (add_net /FAN)
    (add_net /IO0)
    (add_net /IO2)
    (add_net /IO4)
    (add_net /IO5)
    (add_net /JTAG-MTCK)
    (add_net /JTAG-MTDI)
    (add_net /JTAG-MTDO)
    (add_net /JTAG-MTMS)
    (add_net /LED)
    (add_net /PI_VBUS)
    (add_net /PRODUCT_FLOW)
    (add_net /PROD_PUMP)
    (add_net /REFLUX_FLOW)
    (add_net /REFLUX_PUMP)
    (add_net /RI)
    (add_net /RTS)
    (add_net /RXD)
    (add_net /RXD0)
    (add_net /TXD)
    (add_net /TXD0)
    (add_net /UART1_RX)
    (add_net /UART1_TX)
    (add_net /USB_D+)
    (add_net /USB_D-)
    (add_net 12V)
    (add_net 1WIRE)
    (add_net 3.3V)
    (add_net EN)
    (add_net GND)
    (add_net "Net-(A1-Pad1)")
    (add_net "Net-(A1-Pad17)")
    (add_net "Net-(A1-Pad18)")
    (add_net "Net-(A1-Pad19)")
    (add_net "Net-(A1-Pad20)")
    (add_net "Net-(A1-Pad21)")
    (add_net "Net-(A1-Pad22)")
    (add_net "Net-(A1-Pad30)")
    (add_net "Net-(A1-Pad31)")
    (add_net "Net-(A1-Pad39)")
    (add_net "Net-(A1-Pad6)")
    (add_net "Net-(C1-Pad1)")
    (add_net "Net-(C8-Pad1)")
    (add_net "Net-(C8-Pad2)")
    (add_net "Net-(D1-Pad2)")
    (add_net "Net-(D4-Pad2)")
    (add_net "Net-(D5-Pad2)")
    (add_net "Net-(D6-Pad2)")
    (add_net "Net-(J1-PadS1)")
    (add_net "Net-(J10-Pad1)")
    (add_net "Net-(J10-Pad11)")
    (add_net "Net-(J10-Pad12)")
    (add_net "Net-(J10-Pad13)")
    (add_net "Net-(J10-Pad15)")
    (add_net "Net-(J10-Pad16)")
    (add_net "Net-(J10-Pad17)")
    (add_net "Net-(J10-Pad18)")
    (add_net "Net-(J10-Pad19)")
    (add_net "Net-(J10-Pad21)")
    (add_net "Net-(J10-Pad22)")
    (add_net "Net-(J10-Pad23)")
    (add_net "Net-(J10-Pad24)")
    (add_net "Net-(J10-Pad26)")
    (add_net "Net-(J10-Pad27)")
    (add_net "Net-(J10-Pad28)")
    (add_net "Net-(J10-Pad29)")
    (add_net "Net-(J10-Pad3)")
    (add_net "Net-(J10-Pad31)")
    (add_net "Net-(J10-Pad32)")
    (add_net "Net-(J10-Pad33)")
    (add_net "Net-(J10-Pad35)")
    (add_net "Net-(J10-Pad36)")
    (add_net "Net-(J10-Pad37)")
    (add_net "Net-(J10-Pad38)")
    (add_net "Net-(J10-Pad40)")
    (add_net "Net-(J10-Pad5)")
    (add_net "Net-(J10-Pad7)")
    (add_net "Net-(J2-PadS1)")
    (add_net "Net-(J3-PadS1)")
    (add_net "Net-(J4-PadS1)")
    (add_net "Net-(J5-PadS1)")
    (add_net "Net-(J6-PadS1)")
    (add_net "Net-(J7-PadS1)")
    (add_net "Net-(J8-PadS1)")
    (add_net "Net-(J9-Pad4)")
    (add_net "Net-(Q6-Pad2)")
    (add_net "Net-(Q7-Pad2)")
    (add_net "Net-(R1-Pad1)")
    (add_net "Net-(R3-Pad1)")
    (add_net "Net-(R4-Pad1)")
    (add_net "Net-(R5-Pad2)")
    (add_net "Net-(U1-Pad10)")
    (add_net "Net-(U1-Pad12)")
    (add_net "Net-(U1-Pad13)")
    (add_net "Net-(U1-Pad14)")
    (add_net "Net-(U1-Pad15)")
    (add_net "Net-(U1-Pad16)")
    (add_net "Net-(U1-Pad17)")
    (add_net "Net-(U1-Pad18)")
    (add_net "Net-(U1-Pad19)")
    (add_net "Net-(U1-Pad20)")
    (add_net "Net-(U1-Pad21)")
    (add_net "Net-(U1-Pad22)")
    (add_net "Net-(U2-Pad4)")
    (add_net P1_LOAD)
    (add_net P2_LOAD)
    (add_net PROD-PUMP)
    (add_net REFLUX-PUMP)
  )

  (module Capacitor_SMD:C_0603_1608Metric (layer F.Cu) (tedit 5B301BBE) (tstamp 5FB24205)
    (at 157.3765 106.854 180)
    (descr "Capacitor SMD 0603 (1608 Metric), square (rectangular) end terminal, IPC_7351 nominal, (Body size source: http://www.tortai-tech.com/upload/download/2011102023233369053.pdf), generated with kicad-footprint-generator")
    (tags capacitor)
    (path /5F713BC5)
    (attr smd)
    (fp_text reference C1 (at 2.5145 0 270) (layer F.SilkS)
      (effects (font (size 1 1) (thickness 0.15)))
    )
    (fp_text value 4.7uF (at -4.3435 3.302) (layer F.Fab)
      (effects (font (size 1 1) (thickness 0.15)))
    )
    (fp_line (start 1.48 0.73) (end -1.48 0.73) (layer F.CrtYd) (width 0.05))
    (fp_line (start 1.48 -0.73) (end 1.48 0.73) (layer F.CrtYd) (width 0.05))
    (fp_line (start -1.48 -0.73) (end 1.48 -0.73) (layer F.CrtYd) (width 0.05))
    (fp_line (start -1.48 0.73) (end -1.48 -0.73) (layer F.CrtYd) (width 0.05))
    (fp_line (start -0.162779 0.51) (end 0.162779 0.51) (layer F.SilkS) (width 0.12))
    (fp_line (start -0.162779 -0.51) (end 0.162779 -0.51) (layer F.SilkS) (width 0.12))
    (fp_line (start 0.8 0.4) (end -0.8 0.4) (layer F.Fab) (width 0.1))
    (fp_line (start 0.8 -0.4) (end 0.8 0.4) (layer F.Fab) (width 0.1))
    (fp_line (start -0.8 -0.4) (end 0.8 -0.4) (layer F.Fab) (width 0.1))
    (fp_line (start -0.8 0.4) (end -0.8 -0.4) (layer F.Fab) (width 0.1))
    (fp_text user %R (at 0 0) (layer F.Fab)
      (effects (font (size 0.4 0.4) (thickness 0.06)))
    )
    (pad 1 smd roundrect (at -0.7875 0 180) (size 0.875 0.95) (layers F.Cu F.Paste F.Mask) (roundrect_rratio 0.25)
      (net 1 "Net-(C1-Pad1)"))
    (pad 2 smd roundrect (at 0.7875 0 180) (size 0.875 0.95) (layers F.Cu F.Paste F.Mask) (roundrect_rratio 0.25)
      (net 2 GND))
    (model ${KISYS3DMOD}/Capacitor_SMD.3dshapes/C_0603_1608Metric.wrl
      (at (xyz 0 0 0))
      (scale (xyz 1 1 1))
      (rotate (xyz 0 0 0))
    )
  )

  (module Capacitor_SMD:C_0603_1608Metric (layer F.Cu) (tedit 5B301BBE) (tstamp 5FB24216)
    (at 179.8575 123.952 180)
    (descr "Capacitor SMD 0603 (1608 Metric), square (rectangular) end terminal, IPC_7351 nominal, (Body size source: http://www.tortai-tech.com/upload/download/2011102023233369053.pdf), generated with kicad-footprint-generator")
    (tags capacitor)
    (path /5F8B0C62)
    (attr smd)
    (fp_text reference C2 (at 2.3115 0 90) (layer F.SilkS)
      (effects (font (size 1 1) (thickness 0.15)))
    )
    (fp_text value 10uF (at 0 1.43) (layer F.Fab)
      (effects (font (size 1 1) (thickness 0.15)))
    )
    (fp_text user %R (at 0 0) (layer F.Fab)
      (effects (font (size 0.4 0.4) (thickness 0.06)))
    )
    (fp_line (start -0.8 0.4) (end -0.8 -0.4) (layer F.Fab) (width 0.1))
    (fp_line (start -0.8 -0.4) (end 0.8 -0.4) (layer F.Fab) (width 0.1))
    (fp_line (start 0.8 -0.4) (end 0.8 0.4) (layer F.Fab) (width 0.1))
    (fp_line (start 0.8 0.4) (end -0.8 0.4) (layer F.Fab) (width 0.1))
    (fp_line (start -0.162779 -0.51) (end 0.162779 -0.51) (layer F.SilkS) (width 0.12))
    (fp_line (start -0.162779 0.51) (end 0.162779 0.51) (layer F.SilkS) (width 0.12))
    (fp_line (start -1.48 0.73) (end -1.48 -0.73) (layer F.CrtYd) (width 0.05))
    (fp_line (start -1.48 -0.73) (end 1.48 -0.73) (layer F.CrtYd) (width 0.05))
    (fp_line (start 1.48 -0.73) (end 1.48 0.73) (layer F.CrtYd) (width 0.05))
    (fp_line (start 1.48 0.73) (end -1.48 0.73) (layer F.CrtYd) (width 0.05))
    (pad 2 smd roundrect (at 0.7875 0 180) (size 0.875 0.95) (layers F.Cu F.Paste F.Mask) (roundrect_rratio 0.25)
      (net 2 GND))
    (pad 1 smd roundrect (at -0.7875 0 180) (size 0.875 0.95) (layers F.Cu F.Paste F.Mask) (roundrect_rratio 0.25)
      (net 3 +12V))
    (model ${KISYS3DMOD}/Capacitor_SMD.3dshapes/C_0603_1608Metric.wrl
      (at (xyz 0 0 0))
      (scale (xyz 1 1 1))
      (rotate (xyz 0 0 0))
    )
  )

  (module Capacitor_SMD:C_0603_1608Metric (layer F.Cu) (tedit 5B301BBE) (tstamp 5FB24227)
    (at 173.2535 124.6885 270)
    (descr "Capacitor SMD 0603 (1608 Metric), square (rectangular) end terminal, IPC_7351 nominal, (Body size source: http://www.tortai-tech.com/upload/download/2011102023233369053.pdf), generated with kicad-footprint-generator")
    (tags capacitor)
    (path /5F8D52A1)
    (attr smd)
    (fp_text reference C3 (at 2.5655 0.0255 180) (layer F.SilkS)
      (effects (font (size 1 1) (thickness 0.15)))
    )
    (fp_text value 1uF (at 0 1.43 90) (layer F.Fab)
      (effects (font (size 1 1) (thickness 0.15)))
    )
    (fp_text user %R (at 0 0 90) (layer F.Fab)
      (effects (font (size 0.4 0.4) (thickness 0.06)))
    )
    (fp_line (start -0.8 0.4) (end -0.8 -0.4) (layer F.Fab) (width 0.1))
    (fp_line (start -0.8 -0.4) (end 0.8 -0.4) (layer F.Fab) (width 0.1))
    (fp_line (start 0.8 -0.4) (end 0.8 0.4) (layer F.Fab) (width 0.1))
    (fp_line (start 0.8 0.4) (end -0.8 0.4) (layer F.Fab) (width 0.1))
    (fp_line (start -0.162779 -0.51) (end 0.162779 -0.51) (layer F.SilkS) (width 0.12))
    (fp_line (start -0.162779 0.51) (end 0.162779 0.51) (layer F.SilkS) (width 0.12))
    (fp_line (start -1.48 0.73) (end -1.48 -0.73) (layer F.CrtYd) (width 0.05))
    (fp_line (start -1.48 -0.73) (end 1.48 -0.73) (layer F.CrtYd) (width 0.05))
    (fp_line (start 1.48 -0.73) (end 1.48 0.73) (layer F.CrtYd) (width 0.05))
    (fp_line (start 1.48 0.73) (end -1.48 0.73) (layer F.CrtYd) (width 0.05))
    (pad 2 smd roundrect (at 0.7875 0 270) (size 0.875 0.95) (layers F.Cu F.Paste F.Mask) (roundrect_rratio 0.25)
      (net 2 GND))
    (pad 1 smd roundrect (at -0.7875 0 270) (size 0.875 0.95) (layers F.Cu F.Paste F.Mask) (roundrect_rratio 0.25)
      (net 4 +5V))
    (model ${KISYS3DMOD}/Capacitor_SMD.3dshapes/C_0603_1608Metric.wrl
      (at (xyz 0 0 0))
      (scale (xyz 1 1 1))
      (rotate (xyz 0 0 0))
    )
  )

  (module Capacitor_SMD:C_0603_1608Metric (layer F.Cu) (tedit 5B301BBE) (tstamp 5FB24238)
    (at 157.3765 105.127 180)
    (descr "Capacitor SMD 0603 (1608 Metric), square (rectangular) end terminal, IPC_7351 nominal, (Body size source: http://www.tortai-tech.com/upload/download/2011102023233369053.pdf), generated with kicad-footprint-generator")
    (tags capacitor)
    (path /5F714226)
    (attr smd)
    (fp_text reference C4 (at 2.5655 0 270) (layer F.SilkS)
      (effects (font (size 1 1) (thickness 0.15)))
    )
    (fp_text value 0.1uF (at 0.2795 1.778 180) (layer F.Fab)
      (effects (font (size 1 1) (thickness 0.15)))
    )
    (fp_line (start 1.48 0.73) (end -1.48 0.73) (layer F.CrtYd) (width 0.05))
    (fp_line (start 1.48 -0.73) (end 1.48 0.73) (layer F.CrtYd) (width 0.05))
    (fp_line (start -1.48 -0.73) (end 1.48 -0.73) (layer F.CrtYd) (width 0.05))
    (fp_line (start -1.48 0.73) (end -1.48 -0.73) (layer F.CrtYd) (width 0.05))
    (fp_line (start -0.162779 0.51) (end 0.162779 0.51) (layer F.SilkS) (width 0.12))
    (fp_line (start -0.162779 -0.51) (end 0.162779 -0.51) (layer F.SilkS) (width 0.12))
    (fp_line (start 0.8 0.4) (end -0.8 0.4) (layer F.Fab) (width 0.1))
    (fp_line (start 0.8 -0.4) (end 0.8 0.4) (layer F.Fab) (width 0.1))
    (fp_line (start -0.8 -0.4) (end 0.8 -0.4) (layer F.Fab) (width 0.1))
    (fp_line (start -0.8 0.4) (end -0.8 -0.4) (layer F.Fab) (width 0.1))
    (fp_text user %R (at 0 0) (layer F.Fab)
      (effects (font (size 0.4 0.4) (thickness 0.06)))
    )
    (pad 1 smd roundrect (at -0.7875 0 180) (size 0.875 0.95) (layers F.Cu F.Paste F.Mask) (roundrect_rratio 0.25)
      (net 1 "Net-(C1-Pad1)"))
    (pad 2 smd roundrect (at 0.7875 0 180) (size 0.875 0.95) (layers F.Cu F.Paste F.Mask) (roundrect_rratio 0.25)
      (net 2 GND))
    (model ${KISYS3DMOD}/Capacitor_SMD.3dshapes/C_0603_1608Metric.wrl
      (at (xyz 0 0 0))
      (scale (xyz 1 1 1))
      (rotate (xyz 0 0 0))
    )
  )

  (module Capacitor_SMD:C_0603_1608Metric (layer F.Cu) (tedit 5B301BBE) (tstamp 5FB24249)
    (at 179.8065 125.73)
    (descr "Capacitor SMD 0603 (1608 Metric), square (rectangular) end terminal, IPC_7351 nominal, (Body size source: http://www.tortai-tech.com/upload/download/2011102023233369053.pdf), generated with kicad-footprint-generator")
    (tags capacitor)
    (path /5F8B0E45)
    (attr smd)
    (fp_text reference C5 (at -2.2605 0 90) (layer F.SilkS)
      (effects (font (size 1 1) (thickness 0.15)))
    )
    (fp_text value 10uF (at 0 1.43) (layer F.Fab)
      (effects (font (size 1 1) (thickness 0.15)))
    )
    (fp_line (start 1.48 0.73) (end -1.48 0.73) (layer F.CrtYd) (width 0.05))
    (fp_line (start 1.48 -0.73) (end 1.48 0.73) (layer F.CrtYd) (width 0.05))
    (fp_line (start -1.48 -0.73) (end 1.48 -0.73) (layer F.CrtYd) (width 0.05))
    (fp_line (start -1.48 0.73) (end -1.48 -0.73) (layer F.CrtYd) (width 0.05))
    (fp_line (start -0.162779 0.51) (end 0.162779 0.51) (layer F.SilkS) (width 0.12))
    (fp_line (start -0.162779 -0.51) (end 0.162779 -0.51) (layer F.SilkS) (width 0.12))
    (fp_line (start 0.8 0.4) (end -0.8 0.4) (layer F.Fab) (width 0.1))
    (fp_line (start 0.8 -0.4) (end 0.8 0.4) (layer F.Fab) (width 0.1))
    (fp_line (start -0.8 -0.4) (end 0.8 -0.4) (layer F.Fab) (width 0.1))
    (fp_line (start -0.8 0.4) (end -0.8 -0.4) (layer F.Fab) (width 0.1))
    (fp_text user %R (at 0 0) (layer F.Fab)
      (effects (font (size 0.4 0.4) (thickness 0.06)))
    )
    (pad 1 smd roundrect (at -0.7875 0) (size 0.875 0.95) (layers F.Cu F.Paste F.Mask) (roundrect_rratio 0.25)
      (net 3 +12V))
    (pad 2 smd roundrect (at 0.7875 0) (size 0.875 0.95) (layers F.Cu F.Paste F.Mask) (roundrect_rratio 0.25)
      (net 2 GND))
    (model ${KISYS3DMOD}/Capacitor_SMD.3dshapes/C_0603_1608Metric.wrl
      (at (xyz 0 0 0))
      (scale (xyz 1 1 1))
      (rotate (xyz 0 0 0))
    )
  )

  (module Capacitor_SMD:C_0603_1608Metric (layer F.Cu) (tedit 5B301BBE) (tstamp 5FB2425A)
    (at 179.8065 118.11)
    (descr "Capacitor SMD 0603 (1608 Metric), square (rectangular) end terminal, IPC_7351 nominal, (Body size source: http://www.tortai-tech.com/upload/download/2011102023233369053.pdf), generated with kicad-footprint-generator")
    (tags capacitor)
    (path /5F8B11B5)
    (attr smd)
    (fp_text reference C6 (at -2.2605 0 90) (layer F.SilkS)
      (effects (font (size 1 1) (thickness 0.15)))
    )
    (fp_text value 10uF (at 0 1.43) (layer F.Fab)
      (effects (font (size 1 1) (thickness 0.15)))
    )
    (fp_line (start 1.48 0.73) (end -1.48 0.73) (layer F.CrtYd) (width 0.05))
    (fp_line (start 1.48 -0.73) (end 1.48 0.73) (layer F.CrtYd) (width 0.05))
    (fp_line (start -1.48 -0.73) (end 1.48 -0.73) (layer F.CrtYd) (width 0.05))
    (fp_line (start -1.48 0.73) (end -1.48 -0.73) (layer F.CrtYd) (width 0.05))
    (fp_line (start -0.162779 0.51) (end 0.162779 0.51) (layer F.SilkS) (width 0.12))
    (fp_line (start -0.162779 -0.51) (end 0.162779 -0.51) (layer F.SilkS) (width 0.12))
    (fp_line (start 0.8 0.4) (end -0.8 0.4) (layer F.Fab) (width 0.1))
    (fp_line (start 0.8 -0.4) (end 0.8 0.4) (layer F.Fab) (width 0.1))
    (fp_line (start -0.8 -0.4) (end 0.8 -0.4) (layer F.Fab) (width 0.1))
    (fp_line (start -0.8 0.4) (end -0.8 -0.4) (layer F.Fab) (width 0.1))
    (fp_text user %R (at 0 0) (layer F.Fab)
      (effects (font (size 0.4 0.4) (thickness 0.06)))
    )
    (pad 1 smd roundrect (at -0.7875 0) (size 0.875 0.95) (layers F.Cu F.Paste F.Mask) (roundrect_rratio 0.25)
      (net 3 +12V))
    (pad 2 smd roundrect (at 0.7875 0) (size 0.875 0.95) (layers F.Cu F.Paste F.Mask) (roundrect_rratio 0.25)
      (net 2 GND))
    (model ${KISYS3DMOD}/Capacitor_SMD.3dshapes/C_0603_1608Metric.wrl
      (at (xyz 0 0 0))
      (scale (xyz 1 1 1))
      (rotate (xyz 0 0 0))
    )
  )

  (module Capacitor_SMD:C_0603_1608Metric (layer F.Cu) (tedit 5B301BBE) (tstamp 5FB2426B)
    (at 170.18 120.1675 270)
    (descr "Capacitor SMD 0603 (1608 Metric), square (rectangular) end terminal, IPC_7351 nominal, (Body size source: http://www.tortai-tech.com/upload/download/2011102023233369053.pdf), generated with kicad-footprint-generator")
    (tags capacitor)
    (path /5F8D4F4E)
    (attr smd)
    (fp_text reference C7 (at -2.3115 0 180) (layer F.SilkS)
      (effects (font (size 1 1) (thickness 0.15)))
    )
    (fp_text value 1uF (at 0 1.43 90) (layer F.Fab)
      (effects (font (size 1 1) (thickness 0.15)))
    )
    (fp_text user %R (at 0 0 90) (layer F.Fab)
      (effects (font (size 0.4 0.4) (thickness 0.06)))
    )
    (fp_line (start -0.8 0.4) (end -0.8 -0.4) (layer F.Fab) (width 0.1))
    (fp_line (start -0.8 -0.4) (end 0.8 -0.4) (layer F.Fab) (width 0.1))
    (fp_line (start 0.8 -0.4) (end 0.8 0.4) (layer F.Fab) (width 0.1))
    (fp_line (start 0.8 0.4) (end -0.8 0.4) (layer F.Fab) (width 0.1))
    (fp_line (start -0.162779 -0.51) (end 0.162779 -0.51) (layer F.SilkS) (width 0.12))
    (fp_line (start -0.162779 0.51) (end 0.162779 0.51) (layer F.SilkS) (width 0.12))
    (fp_line (start -1.48 0.73) (end -1.48 -0.73) (layer F.CrtYd) (width 0.05))
    (fp_line (start -1.48 -0.73) (end 1.48 -0.73) (layer F.CrtYd) (width 0.05))
    (fp_line (start 1.48 -0.73) (end 1.48 0.73) (layer F.CrtYd) (width 0.05))
    (fp_line (start 1.48 0.73) (end -1.48 0.73) (layer F.CrtYd) (width 0.05))
    (pad 2 smd roundrect (at 0.7875 0 270) (size 0.875 0.95) (layers F.Cu F.Paste F.Mask) (roundrect_rratio 0.25)
      (net 2 GND))
    (pad 1 smd roundrect (at -0.7875 0 270) (size 0.875 0.95) (layers F.Cu F.Paste F.Mask) (roundrect_rratio 0.25)
      (net 5 +3V3))
    (model ${KISYS3DMOD}/Capacitor_SMD.3dshapes/C_0603_1608Metric.wrl
      (at (xyz 0 0 0))
      (scale (xyz 1 1 1))
      (rotate (xyz 0 0 0))
    )
  )

  (module Capacitor_SMD:C_0603_1608Metric (layer F.Cu) (tedit 5B301BBE) (tstamp 5FB2427C)
    (at 179.8575 119.888)
    (descr "Capacitor SMD 0603 (1608 Metric), square (rectangular) end terminal, IPC_7351 nominal, (Body size source: http://www.tortai-tech.com/upload/download/2011102023233369053.pdf), generated with kicad-footprint-generator")
    (tags capacitor)
    (path /5F6B5166)
    (attr smd)
    (fp_text reference C8 (at -2.3115 0 90) (layer F.SilkS)
      (effects (font (size 1 1) (thickness 0.15)))
    )
    (fp_text value 0.1uF (at 0 1.43) (layer F.Fab)
      (effects (font (size 1 1) (thickness 0.15)))
    )
    (fp_text user %R (at 0 0) (layer F.Fab)
      (effects (font (size 0.4 0.4) (thickness 0.06)))
    )
    (fp_line (start -0.8 0.4) (end -0.8 -0.4) (layer F.Fab) (width 0.1))
    (fp_line (start -0.8 -0.4) (end 0.8 -0.4) (layer F.Fab) (width 0.1))
    (fp_line (start 0.8 -0.4) (end 0.8 0.4) (layer F.Fab) (width 0.1))
    (fp_line (start 0.8 0.4) (end -0.8 0.4) (layer F.Fab) (width 0.1))
    (fp_line (start -0.162779 -0.51) (end 0.162779 -0.51) (layer F.SilkS) (width 0.12))
    (fp_line (start -0.162779 0.51) (end 0.162779 0.51) (layer F.SilkS) (width 0.12))
    (fp_line (start -1.48 0.73) (end -1.48 -0.73) (layer F.CrtYd) (width 0.05))
    (fp_line (start -1.48 -0.73) (end 1.48 -0.73) (layer F.CrtYd) (width 0.05))
    (fp_line (start 1.48 -0.73) (end 1.48 0.73) (layer F.CrtYd) (width 0.05))
    (fp_line (start 1.48 0.73) (end -1.48 0.73) (layer F.CrtYd) (width 0.05))
    (pad 2 smd roundrect (at 0.7875 0) (size 0.875 0.95) (layers F.Cu F.Paste F.Mask) (roundrect_rratio 0.25)
      (net 78 "Net-(C8-Pad2)"))
    (pad 1 smd roundrect (at -0.7875 0) (size 0.875 0.95) (layers F.Cu F.Paste F.Mask) (roundrect_rratio 0.25)
      (net 79 "Net-(C8-Pad1)"))
    (model ${KISYS3DMOD}/Capacitor_SMD.3dshapes/C_0603_1608Metric.wrl
      (at (xyz 0 0 0))
      (scale (xyz 1 1 1))
      (rotate (xyz 0 0 0))
    )
  )

  (module Capacitor_SMD:C_0603_1608Metric (layer F.Cu) (tedit 5B301BBE) (tstamp 5FB2428D)
    (at 164.7425 104.06)
    (descr "Capacitor SMD 0603 (1608 Metric), square (rectangular) end terminal, IPC_7351 nominal, (Body size source: http://www.tortai-tech.com/upload/download/2011102023233369053.pdf), generated with kicad-footprint-generator")
    (tags capacitor)
    (path /5F86FAB7)
    (attr smd)
    (fp_text reference C9 (at 0 -1.43) (layer F.SilkS)
      (effects (font (size 1 1) (thickness 0.15)))
    )
    (fp_text value 22uF (at 0 1.43) (layer F.Fab)
      (effects (font (size 1 1) (thickness 0.15)))
    )
    (fp_line (start 1.48 0.73) (end -1.48 0.73) (layer F.CrtYd) (width 0.05))
    (fp_line (start 1.48 -0.73) (end 1.48 0.73) (layer F.CrtYd) (width 0.05))
    (fp_line (start -1.48 -0.73) (end 1.48 -0.73) (layer F.CrtYd) (width 0.05))
    (fp_line (start -1.48 0.73) (end -1.48 -0.73) (layer F.CrtYd) (width 0.05))
    (fp_line (start -0.162779 0.51) (end 0.162779 0.51) (layer F.SilkS) (width 0.12))
    (fp_line (start -0.162779 -0.51) (end 0.162779 -0.51) (layer F.SilkS) (width 0.12))
    (fp_line (start 0.8 0.4) (end -0.8 0.4) (layer F.Fab) (width 0.1))
    (fp_line (start 0.8 -0.4) (end 0.8 0.4) (layer F.Fab) (width 0.1))
    (fp_line (start -0.8 -0.4) (end 0.8 -0.4) (layer F.Fab) (width 0.1))
    (fp_line (start -0.8 0.4) (end -0.8 -0.4) (layer F.Fab) (width 0.1))
    (fp_text user %R (at 0 0) (layer F.Fab)
      (effects (font (size 0.4 0.4) (thickness 0.06)))
    )
    (pad 1 smd roundrect (at -0.7875 0) (size 0.875 0.95) (layers F.Cu F.Paste F.Mask) (roundrect_rratio 0.25)
      (net 6 /5V_IN))
    (pad 2 smd roundrect (at 0.7875 0) (size 0.875 0.95) (layers F.Cu F.Paste F.Mask) (roundrect_rratio 0.25)
      (net 2 GND))
    (model ${KISYS3DMOD}/Capacitor_SMD.3dshapes/C_0603_1608Metric.wrl
      (at (xyz 0 0 0))
      (scale (xyz 1 1 1))
      (rotate (xyz 0 0 0))
    )
  )

  (module Capacitor_SMD:C_0603_1608Metric (layer F.Cu) (tedit 5B301BBE) (tstamp 5FB2429E)
    (at 179.8065 114.554 180)
    (descr "Capacitor SMD 0603 (1608 Metric), square (rectangular) end terminal, IPC_7351 nominal, (Body size source: http://www.tortai-tech.com/upload/download/2011102023233369053.pdf), generated with kicad-footprint-generator")
    (tags capacitor)
    (path /5F86FE61)
    (attr smd)
    (fp_text reference C10 (at 2.3115 0 90) (layer F.SilkS)
      (effects (font (size 1 1) (thickness 0.15)))
    )
    (fp_text value 22uF (at 0 1.43) (layer F.Fab)
      (effects (font (size 1 1) (thickness 0.15)))
    )
    (fp_text user %R (at 0 0) (layer F.Fab)
      (effects (font (size 0.4 0.4) (thickness 0.06)))
    )
    (fp_line (start -0.8 0.4) (end -0.8 -0.4) (layer F.Fab) (width 0.1))
    (fp_line (start -0.8 -0.4) (end 0.8 -0.4) (layer F.Fab) (width 0.1))
    (fp_line (start 0.8 -0.4) (end 0.8 0.4) (layer F.Fab) (width 0.1))
    (fp_line (start 0.8 0.4) (end -0.8 0.4) (layer F.Fab) (width 0.1))
    (fp_line (start -0.162779 -0.51) (end 0.162779 -0.51) (layer F.SilkS) (width 0.12))
    (fp_line (start -0.162779 0.51) (end 0.162779 0.51) (layer F.SilkS) (width 0.12))
    (fp_line (start -1.48 0.73) (end -1.48 -0.73) (layer F.CrtYd) (width 0.05))
    (fp_line (start -1.48 -0.73) (end 1.48 -0.73) (layer F.CrtYd) (width 0.05))
    (fp_line (start 1.48 -0.73) (end 1.48 0.73) (layer F.CrtYd) (width 0.05))
    (fp_line (start 1.48 0.73) (end -1.48 0.73) (layer F.CrtYd) (width 0.05))
    (pad 2 smd roundrect (at 0.7875 0 180) (size 0.875 0.95) (layers F.Cu F.Paste F.Mask) (roundrect_rratio 0.25)
      (net 2 GND))
    (pad 1 smd roundrect (at -0.7875 0 180) (size 0.875 0.95) (layers F.Cu F.Paste F.Mask) (roundrect_rratio 0.25)
      (net 6 /5V_IN))
    (model ${KISYS3DMOD}/Capacitor_SMD.3dshapes/C_0603_1608Metric.wrl
      (at (xyz 0 0 0))
      (scale (xyz 1 1 1))
      (rotate (xyz 0 0 0))
    )
  )

  (module Capacitor_SMD:C_0603_1608Metric (layer F.Cu) (tedit 5B301BBE) (tstamp 5FB242AF)
    (at 179.832 116.332 180)
    (descr "Capacitor SMD 0603 (1608 Metric), square (rectangular) end terminal, IPC_7351 nominal, (Body size source: http://www.tortai-tech.com/upload/download/2011102023233369053.pdf), generated with kicad-footprint-generator")
    (tags capacitor)
    (path /5F8701D1)
    (attr smd)
    (fp_text reference C11 (at 2.286 0.254 90) (layer F.SilkS)
      (effects (font (size 1 1) (thickness 0.15)))
    )
    (fp_text value 0.1uF (at 0 1.43) (layer F.Fab)
      (effects (font (size 1 1) (thickness 0.15)))
    )
    (fp_line (start 1.48 0.73) (end -1.48 0.73) (layer F.CrtYd) (width 0.05))
    (fp_line (start 1.48 -0.73) (end 1.48 0.73) (layer F.CrtYd) (width 0.05))
    (fp_line (start -1.48 -0.73) (end 1.48 -0.73) (layer F.CrtYd) (width 0.05))
    (fp_line (start -1.48 0.73) (end -1.48 -0.73) (layer F.CrtYd) (width 0.05))
    (fp_line (start -0.162779 0.51) (end 0.162779 0.51) (layer F.SilkS) (width 0.12))
    (fp_line (start -0.162779 -0.51) (end 0.162779 -0.51) (layer F.SilkS) (width 0.12))
    (fp_line (start 0.8 0.4) (end -0.8 0.4) (layer F.Fab) (width 0.1))
    (fp_line (start 0.8 -0.4) (end 0.8 0.4) (layer F.Fab) (width 0.1))
    (fp_line (start -0.8 -0.4) (end 0.8 -0.4) (layer F.Fab) (width 0.1))
    (fp_line (start -0.8 0.4) (end -0.8 -0.4) (layer F.Fab) (width 0.1))
    (fp_text user %R (at 0 0) (layer F.Fab)
      (effects (font (size 0.4 0.4) (thickness 0.06)))
    )
    (pad 1 smd roundrect (at -0.7875 0 180) (size 0.875 0.95) (layers F.Cu F.Paste F.Mask) (roundrect_rratio 0.25)
      (net 6 /5V_IN))
    (pad 2 smd roundrect (at 0.7875 0 180) (size 0.875 0.95) (layers F.Cu F.Paste F.Mask) (roundrect_rratio 0.25)
      (net 2 GND))
    (model ${KISYS3DMOD}/Capacitor_SMD.3dshapes/C_0603_1608Metric.wrl
      (at (xyz 0 0 0))
      (scale (xyz 1 1 1))
      (rotate (xyz 0 0 0))
    )
  )

  (module Capacitor_SMD:C_0603_1608Metric (layer F.Cu) (tedit 5B301BBE) (tstamp 5FB242D1)
    (at 150.5385 131.778)
    (descr "Capacitor SMD 0603 (1608 Metric), square (rectangular) end terminal, IPC_7351 nominal, (Body size source: http://www.tortai-tech.com/upload/download/2011102023233369053.pdf), generated with kicad-footprint-generator")
    (tags capacitor)
    (path /5FB2F130)
    (attr smd)
    (fp_text reference C12 (at 0 -1.43) (layer F.SilkS)
      (effects (font (size 1 1) (thickness 0.15)))
    )
    (fp_text value 22uF (at 0 1.43) (layer F.Fab)
      (effects (font (size 1 1) (thickness 0.15)))
    )
    (fp_text user %R (at 0 0) (layer F.Fab)
      (effects (font (size 0.4 0.4) (thickness 0.06)))
    )
    (fp_line (start -0.8 0.4) (end -0.8 -0.4) (layer F.Fab) (width 0.1))
    (fp_line (start -0.8 -0.4) (end 0.8 -0.4) (layer F.Fab) (width 0.1))
    (fp_line (start 0.8 -0.4) (end 0.8 0.4) (layer F.Fab) (width 0.1))
    (fp_line (start 0.8 0.4) (end -0.8 0.4) (layer F.Fab) (width 0.1))
    (fp_line (start -0.162779 -0.51) (end 0.162779 -0.51) (layer F.SilkS) (width 0.12))
    (fp_line (start -0.162779 0.51) (end 0.162779 0.51) (layer F.SilkS) (width 0.12))
    (fp_line (start -1.48 0.73) (end -1.48 -0.73) (layer F.CrtYd) (width 0.05))
    (fp_line (start -1.48 -0.73) (end 1.48 -0.73) (layer F.CrtYd) (width 0.05))
    (fp_line (start 1.48 -0.73) (end 1.48 0.73) (layer F.CrtYd) (width 0.05))
    (fp_line (start 1.48 0.73) (end -1.48 0.73) (layer F.CrtYd) (width 0.05))
    (pad 2 smd roundrect (at 0.7875 0) (size 0.875 0.95) (layers F.Cu F.Paste F.Mask) (roundrect_rratio 0.25)
      (net 2 GND))
    (pad 1 smd roundrect (at -0.7875 0) (size 0.875 0.95) (layers F.Cu F.Paste F.Mask) (roundrect_rratio 0.25)
      (net 7 3.3V))
    (model ${KISYS3DMOD}/Capacitor_SMD.3dshapes/C_0603_1608Metric.wrl
      (at (xyz 0 0 0))
      (scale (xyz 1 1 1))
      (rotate (xyz 0 0 0))
    )
  )

  (module Capacitor_SMD:C_0603_1608Metric (layer F.Cu) (tedit 5B301BBE) (tstamp 5FB242E2)
    (at 150.5205 130)
    (descr "Capacitor SMD 0603 (1608 Metric), square (rectangular) end terminal, IPC_7351 nominal, (Body size source: http://www.tortai-tech.com/upload/download/2011102023233369053.pdf), generated with kicad-footprint-generator")
    (tags capacitor)
    (path /5FB2F7D7)
    (attr smd)
    (fp_text reference C13 (at 0 -1.43) (layer F.SilkS)
      (effects (font (size 1 1) (thickness 0.15)))
    )
    (fp_text value 0.1uF (at 0 1.43) (layer F.Fab)
      (effects (font (size 1 1) (thickness 0.15)))
    )
    (fp_line (start 1.48 0.73) (end -1.48 0.73) (layer F.CrtYd) (width 0.05))
    (fp_line (start 1.48 -0.73) (end 1.48 0.73) (layer F.CrtYd) (width 0.05))
    (fp_line (start -1.48 -0.73) (end 1.48 -0.73) (layer F.CrtYd) (width 0.05))
    (fp_line (start -1.48 0.73) (end -1.48 -0.73) (layer F.CrtYd) (width 0.05))
    (fp_line (start -0.162779 0.51) (end 0.162779 0.51) (layer F.SilkS) (width 0.12))
    (fp_line (start -0.162779 -0.51) (end 0.162779 -0.51) (layer F.SilkS) (width 0.12))
    (fp_line (start 0.8 0.4) (end -0.8 0.4) (layer F.Fab) (width 0.1))
    (fp_line (start 0.8 -0.4) (end 0.8 0.4) (layer F.Fab) (width 0.1))
    (fp_line (start -0.8 -0.4) (end 0.8 -0.4) (layer F.Fab) (width 0.1))
    (fp_line (start -0.8 0.4) (end -0.8 -0.4) (layer F.Fab) (width 0.1))
    (fp_text user %R (at 0 0) (layer F.Fab)
      (effects (font (size 0.4 0.4) (thickness 0.06)))
    )
    (pad 1 smd roundrect (at -0.7875 0) (size 0.875 0.95) (layers F.Cu F.Paste F.Mask) (roundrect_rratio 0.25)
      (net 8 EN))
    (pad 2 smd roundrect (at 0.7875 0) (size 0.875 0.95) (layers F.Cu F.Paste F.Mask) (roundrect_rratio 0.25)
      (net 2 GND))
    (model ${KISYS3DMOD}/Capacitor_SMD.3dshapes/C_0603_1608Metric.wrl
      (at (xyz 0 0 0))
      (scale (xyz 1 1 1))
      (rotate (xyz 0 0 0))
    )
  )

  (module Capacitor_SMD:C_0603_1608Metric (layer F.Cu) (tedit 5B301BBE) (tstamp 5FB242F3)
    (at 150.5385 133.429)
    (descr "Capacitor SMD 0603 (1608 Metric), square (rectangular) end terminal, IPC_7351 nominal, (Body size source: http://www.tortai-tech.com/upload/download/2011102023233369053.pdf), generated with kicad-footprint-generator")
    (tags capacitor)
    (path /5FB2F381)
    (attr smd)
    (fp_text reference C14 (at 0 -1.43) (layer F.SilkS)
      (effects (font (size 1 1) (thickness 0.15)))
    )
    (fp_text value 0.1uF (at 0 1.43) (layer F.Fab)
      (effects (font (size 1 1) (thickness 0.15)))
    )
    (fp_text user %R (at 0 0) (layer F.Fab)
      (effects (font (size 0.4 0.4) (thickness 0.06)))
    )
    (fp_line (start -0.8 0.4) (end -0.8 -0.4) (layer F.Fab) (width 0.1))
    (fp_line (start -0.8 -0.4) (end 0.8 -0.4) (layer F.Fab) (width 0.1))
    (fp_line (start 0.8 -0.4) (end 0.8 0.4) (layer F.Fab) (width 0.1))
    (fp_line (start 0.8 0.4) (end -0.8 0.4) (layer F.Fab) (width 0.1))
    (fp_line (start -0.162779 -0.51) (end 0.162779 -0.51) (layer F.SilkS) (width 0.12))
    (fp_line (start -0.162779 0.51) (end 0.162779 0.51) (layer F.SilkS) (width 0.12))
    (fp_line (start -1.48 0.73) (end -1.48 -0.73) (layer F.CrtYd) (width 0.05))
    (fp_line (start -1.48 -0.73) (end 1.48 -0.73) (layer F.CrtYd) (width 0.05))
    (fp_line (start 1.48 -0.73) (end 1.48 0.73) (layer F.CrtYd) (width 0.05))
    (fp_line (start 1.48 0.73) (end -1.48 0.73) (layer F.CrtYd) (width 0.05))
    (pad 2 smd roundrect (at 0.7875 0) (size 0.875 0.95) (layers F.Cu F.Paste F.Mask) (roundrect_rratio 0.25)
      (net 2 GND))
    (pad 1 smd roundrect (at -0.7875 0) (size 0.875 0.95) (layers F.Cu F.Paste F.Mask) (roundrect_rratio 0.25)
      (net 7 3.3V))
    (model ${KISYS3DMOD}/Capacitor_SMD.3dshapes/C_0603_1608Metric.wrl
      (at (xyz 0 0 0))
      (scale (xyz 1 1 1))
      (rotate (xyz 0 0 0))
    )
  )

  (module LED_SMD:LED_0201_0603Metric (layer F.Cu) (tedit 5B301BBE) (tstamp 5FB24307)
    (at 115.458 116.332)
    (descr "LED SMD 0201 (0603 Metric), square (rectangular) end terminal, IPC_7351 nominal, (Body size source: https://www.vishay.com/docs/20052/crcw0201e3.pdf), generated with kicad-footprint-generator")
    (tags LED)
    (path /5F872FD6)
    (attr smd)
    (fp_text reference D1 (at 0 -1.05) (layer F.SilkS)
      (effects (font (size 1 1) (thickness 0.15)))
    )
    (fp_text value LED_Small (at 0 1.05) (layer F.Fab)
      (effects (font (size 1 1) (thickness 0.15)))
    )
    (fp_line (start 0.7 0.35) (end -0.7 0.35) (layer F.CrtYd) (width 0.05))
    (fp_line (start 0.7 -0.35) (end 0.7 0.35) (layer F.CrtYd) (width 0.05))
    (fp_line (start -0.7 -0.35) (end 0.7 -0.35) (layer F.CrtYd) (width 0.05))
    (fp_line (start -0.7 0.35) (end -0.7 -0.35) (layer F.CrtYd) (width 0.05))
    (fp_line (start -0.1 0.15) (end -0.1 -0.15) (layer F.Fab) (width 0.1))
    (fp_line (start -0.2 0.15) (end -0.2 -0.15) (layer F.Fab) (width 0.1))
    (fp_line (start 0.3 0.15) (end -0.3 0.15) (layer F.Fab) (width 0.1))
    (fp_line (start 0.3 -0.15) (end 0.3 0.15) (layer F.Fab) (width 0.1))
    (fp_line (start -0.3 -0.15) (end 0.3 -0.15) (layer F.Fab) (width 0.1))
    (fp_line (start -0.3 0.15) (end -0.3 -0.15) (layer F.Fab) (width 0.1))
    (fp_circle (center -0.86 0) (end -0.81 0) (layer F.SilkS) (width 0.1))
    (fp_text user %R (at 0 -0.68) (layer F.Fab)
      (effects (font (size 0.25 0.25) (thickness 0.04)))
    )
    (pad "" smd roundrect (at -0.345 0) (size 0.318 0.36) (layers F.Paste) (roundrect_rratio 0.25))
    (pad "" smd roundrect (at 0.345 0) (size 0.318 0.36) (layers F.Paste) (roundrect_rratio 0.25))
    (pad 1 smd roundrect (at -0.32 0) (size 0.46 0.4) (layers F.Cu F.Mask) (roundrect_rratio 0.25)
      (net 2 GND))
    (pad 2 smd roundrect (at 0.32 0) (size 0.46 0.4) (layers F.Cu F.Mask) (roundrect_rratio 0.25)
      (net 9 "Net-(D1-Pad2)"))
    (model ${KISYS3DMOD}/LED_SMD.3dshapes/LED_0201_0603Metric.wrl
      (at (xyz 0 0 0))
      (scale (xyz 1 1 1))
      (rotate (xyz 0 0 0))
    )
  )

  (module Package_TO_SOT_SMD:TO-252-2 (layer F.Cu) (tedit 5A70A390) (tstamp 5FB2432B)
    (at 141.126 83.446 180)
    (descr "TO-252 / DPAK SMD package, http://www.infineon.com/cms/en/product/packages/PG-TO252/PG-TO252-3-1/")
    (tags "DPAK TO-252 DPAK-3 TO-252-3 SOT-428")
    (path /5F987D7C)
    (attr smd)
    (fp_text reference D2 (at 0 -4.5) (layer F.SilkS)
      (effects (font (size 1 1) (thickness 0.15)))
    )
    (fp_text value MBRD835TR (at 0 4.5) (layer F.Fab)
      (effects (font (size 1 1) (thickness 0.15)))
    )
    (fp_text user %R (at 0 0) (layer F.Fab)
      (effects (font (size 1 1) (thickness 0.15)))
    )
    (fp_line (start 3.95 -2.7) (end 4.95 -2.7) (layer F.Fab) (width 0.1))
    (fp_line (start 4.95 -2.7) (end 4.95 2.7) (layer F.Fab) (width 0.1))
    (fp_line (start 4.95 2.7) (end 3.95 2.7) (layer F.Fab) (width 0.1))
    (fp_line (start 3.95 -3.25) (end 3.95 3.25) (layer F.Fab) (width 0.1))
    (fp_line (start 3.95 3.25) (end -2.27 3.25) (layer F.Fab) (width 0.1))
    (fp_line (start -2.27 3.25) (end -2.27 -2.25) (layer F.Fab) (width 0.1))
    (fp_line (start -2.27 -2.25) (end -1.27 -3.25) (layer F.Fab) (width 0.1))
    (fp_line (start -1.27 -3.25) (end 3.95 -3.25) (layer F.Fab) (width 0.1))
    (fp_line (start -1.865 -2.655) (end -4.97 -2.655) (layer F.Fab) (width 0.1))
    (fp_line (start -4.97 -2.655) (end -4.97 -1.905) (layer F.Fab) (width 0.1))
    (fp_line (start -4.97 -1.905) (end -2.27 -1.905) (layer F.Fab) (width 0.1))
    (fp_line (start -2.27 1.905) (end -4.97 1.905) (layer F.Fab) (width 0.1))
    (fp_line (start -4.97 1.905) (end -4.97 2.655) (layer F.Fab) (width 0.1))
    (fp_line (start -4.97 2.655) (end -2.27 2.655) (layer F.Fab) (width 0.1))
    (fp_line (start -0.97 -3.45) (end -2.47 -3.45) (layer F.SilkS) (width 0.12))
    (fp_line (start -2.47 -3.45) (end -2.47 -3.18) (layer F.SilkS) (width 0.12))
    (fp_line (start -2.47 -3.18) (end -5.3 -3.18) (layer F.SilkS) (width 0.12))
    (fp_line (start -0.97 3.45) (end -2.47 3.45) (layer F.SilkS) (width 0.12))
    (fp_line (start -2.47 3.45) (end -2.47 3.18) (layer F.SilkS) (width 0.12))
